12, 210000;
13, 111000;
14, 101100;
15, 100110;
16, 100011;
24, 20100;
25, 11010;
26, 10101;
27, 10020;
36, 2001;
37, 1110;
48, 300;
123, 321000;
124, 221100;
134, 212100;
125, 211110;
126, 210111;
127, 210021;
145, 201210;
156, 200121;
167, 200022;
235, 122010;
135, 121110;
236, 112101;
136, 112011;
237, 111120;
146, 111111;
157, 110121;
347, 102210;
147, 102111;
148, 101310;
158, 101220;
246, 30201;
247, 21120;
257, 21030;
248, 20301;
268, 20202;
358, 12120;
258, 12111;
369, 4002;
137, 111111;
1234, 432100;
1235, 332110;
1245, 322210;
1236, 322111;
1237, 321121;
1256, 311221;
1267, 310132;
2346, 232201;
1246, 231211;
1346, 223111;
2347, 222220;
1356, 222121;
1248, 221311;
1257, 221131;
1268, 220222;
1347, 213211;
1348, 212320;
1457, 212221;
1367, 212122;
1568, 211231;
1458, 202420;
1478, 202321;
2357, 132130;
1357, 131221;
2358, 123121;
2458, 122311;
1358, 122230;
2368, 122212;
1368, 122131;
1468, 121321;
1369, 114112;
1469, 113221;
2468, 40402;
2469, 32221;
2479, 32140;
1247, 222121;
3458, 212320;
1258, 212221;
12345, 543210;
12346, 443211;
12347, 433221;
12348, 432321;
12356, 433221;
12357, 342231;
12358, 333231;
12367, 422232;
12368, 332232;
12369, 324222;
12378, 421242;
12456, 432321;
12457, 333231;
12458, 323421;
12467, 332232;
12468, 241422;
12469, 233331;
12478, 322332;
12479, 233241;
12567, 421242;
12568, 322332;
12569, 313431;
12578, 322242;
12579, 232341;
12678, 420243;
13457, 333321;
13458, 323430;
13467, 324222;
13468, 233331;
13469, 225222;
13478, 313431;
13479, 224322;
13568, 233241;
13569, 224322;
13578, 232341;
13579, 142422;
14579, 223431;
13679, 224223;
23679, 224232;
14568, 322431;
14589, 303630;
14679, 224232;
23457, 343230;
23458, 333321;
23468, 242412;
23469, 234222;
23568, 234222;
23579, 143241;
24579, 143250;
2468T, 60603;
123456, 654321;
123457, 554331;
123467, 554332;
123567, 543342;
123458, 544431;
123468, 453432;
123568, 444342;
124568, 443532;
123478, 533442;
123578, 443352;
124578, 434442;
123678, 532353;
124678, 442443;
123469, 445332;
123569, 435432;
124569, 424541;
123479, 444342;
123579, 353442;
124579, 344451;
123679, 434343;
124679, 344352;
134679, 336333;
145679, 434442;
124589, 424641;
124689, 343542;
134689, 335442;
125689, 424542;
135679, 433452;
234568, 454422;
134568, 444441;
234579, 354351;
234679, 345342;
135679, 344433;
134579, 344532;
12468T, 262623;
13468T, 254442;
13568T, 254361;
134578, 434541;
1234567, 765442;
1234568, 665542;
1234578, 655552;
1234678, 654553;
1235678, 654463;
1234569, 656542;
1234579, 565552;
1234679, 556453;
1235679, 555553;
1234589, 645652;
1234689, 555553;
1235689, 546553;
1245689, 545752;
1234789, 644563;
1235789, 554563;
1245789, 545662;
1236789, 644464;
2345679, 566452;
1345679, 556543;
1245679, 555562;
123468T, 474643;
123568T, 465562;
124568T, 464743;
123578T, 465472;
124578T, 456553;
124678T, 464644;
1345689, 546652;
134578T, 456562;
134679T, 448444;
12345678, 876663;
12345679, 777663;
12345689, 767763;
12345789, 766773;
12346789, 766674;
1234568T, 686763;
1234578T, 677673;
1234678T, 676764;
1235678T, 676683;
1234679T, 668664;
1235679T, 667773;
1245689T, 666963;
